With depth = 5:
Round   Moves  Terminal      Wins    Losses Different
 1          1         0         0         0         0
 2          4         0         0         0         0
 3          4         0         0         0         0
 4         19         0         0         0         0
 5         19         0         0         0         0
 6         79         0         0         0         0
 7         46         0         0         0         0
 8        238         0         0         0         0
 9        143         0         0         0         0
10        676         0         0         0         0
11        559        20        16         0         6
12       2255        51        33         0        22
13       1639       166        84         0        75
14       5910       547       172         0       283
15       3125      3125       609         0      1857
16      10127     10127      2191         0      6291
------------------------------------------------------
Total   24844     14036      3105         0      8534

With depth = 11:
Round   Moves  Terminal      Wins    Losses Different
 1          1         0         0         0         0
 2          4         0         0         0         0
 3          4         0         0         0         0
 4         19         0         0         0         0
 5         19         0         0         0         0
 6         79         0         0         0         0
 7         46         0         0         0         0
 8        238         0         0         0         0
 9        143         0         0         0         0
10        676         0         0         0         0
11        559        20        18         0         5
12       2255        51        35         0        20
13       1639       166       107         0        73
14       5910       547       246         0       271
15       3125      3125       989         0      1832
16      10127     10127      3229         0      6163
------------------------------------------------------
Total   24844     14036      4624         0      8364
Analysis time: 198s

With depth = 15:
Round   Moves  Terminal      Wins    Losses Different
 1          1         0         0         0         0
 2          4         0         0         0         0
 3          4         0         0         0         0
 4         19         0         0         0         0
 5         19         0         0         0         0
 6         79         0         0         0         0
 7         46         0         0         0         0
 8        238         0         0         0         0
 9        143         0         0         0         0
10        676         0         0         0         0
11        559        20        19         0         1
12       2255        51        35         0         2
13       1639       166       116         0        14
14       5910       547       303         0       122
15       3125      3125      1374         0      1049
16      10127     10127      4422         4      3782
------------------------------------------------------
Total   24844     14036      6269         4      4970
Analysis time: 2249s


With depth = 18:
Round   Moves  Terminal      Wins    Losses Different
 1          1         0         0         0         0
 2          4         0         0         0         0
 3          4         0         0         0         0
 4         19         0         0         0         0
 5         19         0         0         0         0
 6         79         0         0         0         0
 7         46         0         0         0         0
 8        238         0         0         0         0
 9        143         0         0         0         0
10        676         0         0         0         0
11        559        56        56         0         0
12       2255       190       169         0         8
13       1639       333       275         0        30
14       5910      1373      1027         0       142
15       3125      3125      1929        35       398
16      10127     10127      6550       112      1322
------------------------------------------------------
Total   24844     15204     10006       147      1900
